FileTest	QH_AOTR	QH_BQ	QH_CTVTVT	QH_DCSC	QH_GTGM	QH_LVDC	QH_NMKN	QH_SCLK	QH_TETCHL	QH_VBM	
QH_BQ	0.00 	1.00 	0.00 	0.00 	0.00 	0.00 	0.00 	0.00 	0.00 	0.00 	
QH_CTVTVT	0.00 	0.00 	1.00 	0.00 	0.00 	0.00 	0.00 	0.00 	0.00 	0.00 	
QH_DCSC	0.00 	0.00 	0.00 	1.00 	0.00 	0.00 	0.00 	0.00 	0.00 	0.00 	
QH_GTGM	0.00 	0.00 	0.00 	0.00 	1.00 	0.00 	0.00 	0.00 	0.00 	0.00 	
QH_LVDC	0.00 	0.00 	0.00 	0.00 	0.00 	1.00 	0.00 	0.00 	0.00 	0.00 	
QH_NMKN	0.00 	0.00 	0.00 	0.00 	0.00 	0.00 	1.00 	0.00 	0.00 	0.00 	
QH_SCLK	0.00 	0.00 	0.00 	0.00 	0.00 	0.00 	0.00 	1.00 	0.00 	0.00 	
QH_TETCHL	0.00 	0.00 	0.00 	0.00 	0.00 	0.00 	0.00 	0.00 	1.00 	0.00 	
QH_VBM	0.00 	0.00 	0.00 	0.00 	0.00 	0.00 	0.00 	0.00 	0.00 	1.00 	
